{"currentPredictionRaw": [[0.0, 1.6601768898923174e-29, 2.5686230920030084e-09, 0.0, 0.0, 0.0, 0.0, 1.0, 5.224970304508469e-13, 0.0], [0.0, 0.0, 0.0, 8.964155313151423e-06, 0.0, 3.1279895271426264e-31, 0.0, 1.228046154621177e-14, 0.9999910593032837, 0.0], [9.523844795266439e-20, 6.395723175955936e-06, 0.9999825954437256, 0.0, 3.965826218481134e-37, 0.0, 0.0, 1.1011316018993966e-05, 2.738490268039944e-21, 4.1202697991741394e-14]], "currentPrediction": [{"name": "LSTM Base Model", "predictions": [[7, 8, 2], [2, 3, 1]]}, {"name": "LSTM Refined Model", "predictions": [[1, 0, 6], [7, 1, 4]]}, {"name": "ARIMA Model", "predictions": [[3, 5, 5]]}, {"name": "Markov Model", "predictions": [[0, 3, 4]]}, {"name": "MarkovBayesian Model", "predictions": [[0, 2, 6]]}, {"name": "PoissonMonteCarlo Model", "predictions": [[3, 7, 8]]}, {"name": "LaplaceMonteCarlo Model", "predictions": [[4, 4, 3]]}, {"name": "HybridStatisticalModel", "predictions": [[2, 4, 8]]}], "realResult": [3, 6, 1], "newPrediction": [{"name": "LSTM Base Model", "predictions": [[7, 8, 2], [8, 7, 1]]}, {"name": "LSTM Refined Model", "predictions": [[2, 5, 0], [3, 1, 8]]}, {"name": "ARIMA Model", "predictions": [[4, 5, 4]]}, {"name": "Markov Model", "predictions": [[8, 9, 2]]}, {"name": "MarkovBayesian Model", "predictions": [[1, 2, 5]]}, {"name": "PoissonMonteCarlo Model", "predictions": [[1, 2, 7]]}, {"name": "LaplaceMonteCarlo Model", "predictions": [[3, 4, 5]]}, {"name": "HybridStatisticalModel", "predictions": [[8, 2, 0]]}], "newPredictionRaw": [[0.0, 1.9004362958594073e-35, 4.11743461049309e-14, 0.0, 0.0, 0.0, 0.0, 1.0, 5.272008385404092e-10, 0.0], [0.0, 0.0, 0.0, 3.783018698300111e-08, 0.0, 5.634209626693496e-34, 0.0, 2.8202895747952983e-13, 1.0, 0.0], [4.7986105942006543e-23, 7.736844054306857e-07, 0.9999520778656006, 0.0, 0.0, 0.0, 0.0, 4.7214794903993607e-05, 2.0186439736148794e-20, 1.7181523351549608e-16]], "matchingNumbers": {"model": "LSTM Base Model", "prediction": [2, 3, 1], "matching_numbers": [1, 3], "match_count": 2}, "labels": [0, 1, 2, 3, 4, 5, 6, 7, 8, 9], "numberFrequency": {"6": 0.10008643828761203, "4": 0.10126927801282926, "1": 0.1001319321231973, "0": 0.10213366088894955, "5": 0.09890359856239479, "3": 0.09776625267276284, "2": 0.10113279650607343, "8": 0.10081433965697648, "7": 0.09790273417951867, "9": 0.09985896910968564}}