{"currentPredictionRaw": [[0.0, 2.5014604970730048e-11, 0.0, 0.0, 0.0, 0.0, 1.148125534200517e-06, 0.9999988079071045, 0.0, 0.0], [5.879621605125313e-14, 0.0, 0.0, 4.6545857694853776e-38, 3.3300774828962952e-22, 1.0531292770352488e-14, 0.0, 0.0, 1.0, 3.691372479266385e-18], [0.0, 1.0982476084109294e-07, 0.9999998807907104, 0.0, 5.348753790768361e-32, 0.0, 0.0, 0.0, 0.0, 6.390664401942193e-17]], "currentPrediction": [{"name": "LSTM Base Model", "predictions": [[7, 8, 2], [6, 0, 1]]}, {"name": "LSTM Refined Model", "predictions": [[7, 0, 4], [1, 7, 6]]}, {"name": "ARIMA Model", "predictions": [[3, 5, 5]]}, {"name": "Markov Model", "predictions": [[8, 9, 1]]}, {"name": "MarkovBayesian Model", "predictions": [[1, 2, 4]]}, {"name": "PoissonMonteCarlo Model", "predictions": [[1, 5, 7]]}, {"name": "LaplaceMonteCarlo Model", "predictions": [[4, 4, 3]]}, {"name": "HybridStatisticalModel", "predictions": [[2, 7, 8]]}], "realResult": [3, 6, 1], "newPrediction": [{"name": "LSTM Base Model", "predictions": [[7, 8, 2], [6, 0, 1]]}, {"name": "LSTM Refined Model", "predictions": [[2, 5, 0], [7, 0, 5]]}, {"name": "ARIMA Model", "predictions": [[3, 5, 5]]}, {"name": "Markov Model", "predictions": [[2, 3, 7]]}, {"name": "MarkovBayesian Model", "predictions": [[1, 2, 4]]}, {"name": "PoissonMonteCarlo Model", "predictions": [[1, 3, 6]]}, {"name": "LaplaceMonteCarlo Model", "predictions": [[3, 4, 3]]}, {"name": "HybridStatisticalModel", "predictions": [[2, 1, 8]]}], "newPredictionRaw": [[0.0, 1.4238710579518588e-13, 0.0, 0.0, 0.0, 0.0, 9.960691471633254e-08, 0.9999998807907104, 0.0, 0.0], [2.7989464045086176e-12, 0.0, 0.0, 1.4208887147900251e-33, 7.990517057441798e-21, 2.4069946881997983e-13, 0.0, 0.0, 1.0, 1.8745619981235917e-17], [0.0, 9.472434925328344e-08, 0.9999998807907104, 0.0, 1.774078553474566e-28, 1.9393134171072266e-38, 0.0, 0.0, 0.0, 4.971952110275919e-16]], "matchingNumbers": {"model": "LSTM Base Model", "prediction": [6, 0, 1], "matching_numbers": [1, 6], "match_count": 2}, "labels": [0, 1, 2, 3, 4, 5, 6, 7, 8, 9], "numberFrequency": {"6": 0.10008643828761203, "4": 0.10126927801282926, "1": 0.1001319321231973, "0": 0.10213366088894955, "5": 0.09890359856239479, "3": 0.09776625267276284, "2": 0.10113279650607343, "8": 0.10081433965697648, "7": 0.09790273417951867, "9": 0.09985896910968564}}